                   多重迭代法计算方程的根

   x=      2.0945514815
   F(x)=   0.0000000000
   iter=    3
