                   牛顿法计算方程的根

   x=      1.3688081078
   F(x)=   0.0000000000
   iter=    4
