
         RFµü´ú·¨

  x(1)=     1.12675371
  x(2)=     1.14928190
  x(3)=     0.91741529

