                   Steffensen加速计算方程的根

   x=      0.5671432904
   F(x)=   0.0000000211
   iter=    3
