                   Picard不动点迭代法计算方程的根

   x=      0.5671432634
   F(x)=   0.0000000424
   iter=   26
