
         ¹²éîÌÝ¶È·¨

  x(1)=     2.00000000
  x(2)=     3.00000000
  x(3)=     1.00000000
  x(4)=     5.00000000
