        4阶收敛迭代法计算方程的根

   x=     3.02047766
   F(x)=  0.00000000
   iter=    4
