
    复合梯形法计算数值积分

    n=40    5.340000
    n=80    5.335000
    n=200   5.333600
