                   割线法计算方程的根

   x=      1.6729816479
   F(x)=   0.0000000000
   iter=    8
