                   重根改进计算结果

   x=      1.4142135624
   F(x)=   0.0000000000
   iter=    3
