                   牛顿法计算结果

   x=      1.4142136495
   F(x)=   0.0000000000
   iter=   19
