
         JORµü´ú·¨

  x(1)=     0.49793122
  x(2)=     0.14449399
  x(3)=     0.06285807
  x(4)=    -0.08131765
