                   二分法计算方程的根

   x=      2.8793852404
   F(x)=  -0.0000000091
   iter=   27
