                   不动点迭代法计算方程的根

   x=      0.3399809991
   F(x)=   0.0000000829
   iter=   92
