
         SORµü´ú·¨

  x(1)=     1.00000001
  x(2)=     1.99999999
  x(3)=     3.00000000
  x(4)=     4.00000000

