
         最速下降法

  x(1)=     0.49793123
  x(2)=     0.14449399
  x(3)=     0.06285804
  x(4)=    -0.08131764
