
         GRFµü´ú·¨

  x(1)=     1.12675372
  x(2)=     1.14928191
  x(3)=     0.91741531

