
    复合Simpson法计算数值积分

    n=40     5.33333333
    n=80     5.33333333
    n=200    5.33333333
